15894
140709
12439
134166
144164
137621
18982
3601
140709
12439
134166
144164
137621
18982
3601
122139
246954
118684
240411
412
243866
106391
109846
162458
162458
74664
227961
159003
71209
2251
231416
5706
234871
165913
78119
9161
62303
224506
155548
86590
248793
179835
65758
183290
69213
167909
72668
171364
12764
16219
19674
23129
162458
74664
227961
159003
71209
2251
231416
5706
234871
165913
78119
9161
62303
224506
155548
86590
248793
179835
65758
183290
69213
167909
72668
171364
12764
16219
19674
23129
50267
212470
115770
46812
209015
140057
119225
143512
122680
53722
215925
146967
200109
112315
43357
205560
136602
48808
203564
52263
207019
55718
210474
59173
215411
